每个档下有5行数据，分别为a=因子A、b=因子B、c=因子C、down=档低值、up=档高值。低档挡高值不应小于高档档低值#
1#档
a=1.30E-08
b=0.001105676
c=-0.003302119
down=0
up=8316

2#档
a=2.32E-08
b=0.000672595
c=2.327175619
down=5000
up=40

3#档
a=0.000367838
b=4.335236716
c=-38.72165957
down=35
up=5023.259881

4#档
a=0.002118142
b=-17.33143822
c=62861.33774
down=4400
up=999999