分别在等号后设置二次函数因子的值。可以放多组abc，放到后面的为最终使用的。

a=0.0000307293983729309
b=1.13227430061261
c=-8.74119537086892
